1651 2 1a54 1 64
12804
12807
12810
12813
12817
12820
12823
12826
12829
12833
12836
12839
12842
12845
12849
12852
12855
12858
12861
12865
12868
12871
12874
12877
12881
12884
12887
12890
12893
12897
12900
12903
12906
12909
12913
12916
12919
12922
12925
12929
12932
12935
12938
12941
12945
12948
12951
12954
12957
12961
12964
12967
12970
12973
12977
12980
12983
12986
12989
12993
12996
12999
13002
13005
13009
13012
13015
13018
13021
13025
13028
13031
13034
13037
13041
13044
13047
13050
13053
13057
13060
13063
13066
13069
13073
13076
13079
13082
13085
13089
13092
13095
13098
13101
13105
13108
13111
13114
13117
13120
