1651 4 1928 1 c8
12805.5
12808.7
12811.9
12815.1
12818.3
12821.5
12824.7
12827.9
12831.1
12834.3
12837.5
12840.7
12843.9
12847.1
12850.3
12853.5
12856.7
12859.9
12863.1
12866.3
12869.5
12872.7
12875.9
12879.1
12882.3
12885.5
12888.7
12891.9
12895.1
12898.3
12901.5
12904.7
12907.9
12911.1
12914.3
12917.5
12920.7
12923.9
12927.1
12930.3
12933.5
12936.7
12939.9
12943.1
12946.3
12949.5
12952.7
12955.9
12959.1
12962.3
12965.5
12968.7
12971.9
12975.1
12978.3
12981.5
12984.7
12987.9
12991.1
12994.3
12997.5
13000.7
13003.9
13007.1
13010.3
13013.5
13016.7
13019.9
13023.1
13026.3
13029.5
13032.7
13035.9
13039.1
13042.3
13045.5
13048.7
13051.9
13055.1
13058.3
13061.5
13064.7
13067.9
13071.1
13074.3
13077.5
13080.7
13083.9
13087.1
13090.3
13093.5
13096.7
13099.9
13103.1
13106.3
13109.5
13112.7
13115.9
13119.1
13122.3
